date,open,high,low,close,volume
2022-01-01,46200.00,47500.00,46000.00,47200.00,30500
2022-01-02,47200.00,48000.00,47050.00,47800.00,28900
2022-01-03,47800.00,48200.00,47500.00,48050.00,31200
2022-01-04,48050.00,48500.00,47800.00,48400.00,29800
2022-01-05,48400.00,49000.00,48200.00,48950.00,32000
2022-01-06,48950.00,49200.00,48500.00,48600.00,33000
2022-01-07,48600.00,48800.00,48300.00,48750.00,29000
2022-01-08,48750.00,49500.00,48500.00,49400.00,34000
2022-01-09,49400.00,50000.00,49200.00,49800.00,35000
2022-01-10,49800.00,50500.00,49500.00,50200.00,36000
